{
 "cells": [
  {
   "cell_type": "code",
   "execution_count": 1,
   "metadata": {},
   "outputs": [],
   "source": [
    "import numpy as np\n",
    "import math\n",
    "import cmath\n",
    "import gudhi as gd\n",
    "import pandas  as pd\n",
    "import matplotlib.pyplot as plt\n",
    "import timeit\n",
    "import scipy \n",
    "import joypy"
   ]
  },
  {
   "cell_type": "code",
   "execution_count": 4,
   "metadata": {},
   "outputs": [],
   "source": [
    "#Pertinent constants\n",
    "\n",
    "#Hubble Constant 70 (km/s)/Mpc = 3.0855895*10^19 s^-1\n",
    "H_0 = 3.0855895*10**19\n",
    "#H_0=1.0\n",
    "\n",
    "#Cosmological Density (lets be optimistic and say the universe will last forever)\n",
    "Om_0 = 1.0\n",
    "\n",
    "#speed of light (m/s)\n",
    "c =  299792458 \n",
    "#c=1.0\n"
   ]
  },
  {
   "cell_type": "code",
   "execution_count": 5,
   "metadata": {},
   "outputs": [],
   "source": [
    "#input redshift of a plane output Friedmann angular diameter distance as viewed by an observer at redshift 0\n",
    "def FADD1(z):\n",
    "    d1 = (c/H_0)*abs((2/(Om_0**2*(1+z)**2))*(Om_0*z-(2-Om_0)*(np.sqrt(1+Om_0*z)-1)))\n",
    "    return d1;"
   ]
  },
  {
   "cell_type": "code",
   "execution_count": 6,
   "metadata": {},
   "outputs": [],
   "source": [
    "def R1(z):\n",
    "    r1=(Om_0*z-Om_0+2)/(1+z)**2\n",
    "    return r1"
   ]
  },
  {
   "cell_type": "code",
   "execution_count": 7,
   "metadata": {},
   "outputs": [],
   "source": [
    "def R2(z):\n",
    "    r2=np.sqrt(Om_0*z+1)/(1+z)**2\n",
    "    return r2"
   ]
  },
  {
   "cell_type": "code",
   "execution_count": 8,
   "metadata": {},
   "outputs": [],
   "source": [
    "#input redshift of two planes output Friedmann angular diameter distance of plane 2 as viewed by an observer at plane 1\n",
    "def FADD2(z1, z2):\n",
    "    d12 = (c/H_0)*abs((2*(1+z1)/Om_0**2)*(R1(z2)*R2(z1)-R1(z1)*R2(z2)))\n",
    "    return d12;"
   ]
  },
  {
   "cell_type": "code",
   "execution_count": 9,
   "metadata": {},
   "outputs": [],
   "source": [
    "def Theta(zi,zj):\n",
    "    theta_ij=(1+zi)*(FADD1(zi)*FADD1(zj))/(c*FADD2(zi,zj))\n",
    "    return theta_ij"
   ]
  },
  {
   "cell_type": "code",
   "execution_count": 10,
   "metadata": {},
   "outputs": [],
   "source": [
    "def Beta(zi,zj,zS):\n",
    "    beta_ij=(FADD2(zi,zj)*FADD1(zS))/(FADD1(zj)*FADD2(zi,zS))\n",
    "    return beta_ij"
   ]
  },
  {
   "cell_type": "code",
   "execution_count": 2,
   "metadata": {},
   "outputs": [],
   "source": [
    "def PointLensPotential(X, Y, yy, xi, mass):\n",
    "    #Quadratic part\n",
    "    Q=((X-yy[0])**2+(Y-yy[1])**2)/2\n",
    "    #Gravitational Part\n",
    "    G=0\n",
    "    for i in range(len(xi)):\n",
    "        G=G+mass[i]*np.log(np.sqrt((X-xi[i][0])**2+(Y-xi[i][1])**2))\n",
    "    return Q-G"
   ]
  },
  {
   "cell_type": "code",
   "execution_count": 3,
   "metadata": {},
   "outputs": [],
   "source": [
    "def LensingMap1(x, xix, xiy, m, yy):\n",
    "    T1 = np.sum(np.multiply(np.divide(m,np.add(np.square(np.subtract(x[0],xix)),np.square(np.subtract(x[1],xiy)))),np.subtract(x[0],xix)),axis=0)\n",
    "    T2 = np.sum(np.multiply(np.divide(m,np.add(np.square(np.subtract(x[0],xix)),np.square(np.subtract(x[1],xiy)))),np.subtract(x[1],xiy)),axis=0)\n",
    "    return [x[0]-yy[0]- T1,\n",
    "            x[1]-yy[1]- T2]"
   ]
  },
  {
   "cell_type": "code",
   "execution_count": 4,
   "metadata": {},
   "outputs": [],
   "source": [
    "def LensingMap(x, xix, xiy, m, yy):\n",
    "    #lensing map components(x_i - yy_i - sum(m_i(x_i-xi_i)/|x-xi|^2))\n",
    "    SS = np.add(np.square(np.subtract(x[0],xix)),np.square(np.subtract(x[1],xiy)))\n",
    "    SM = np.divide(m,SS)\n",
    "    SPx = np.multiply(SM,np.subtract(x[0],xix))\n",
    "    SPy = np.multiply(SM,np.subtract(x[1],xiy))\n",
    "    T1 = np.sum(SPx,axis=0)\n",
    "    T2 = np.sum(SPy,axis=0)\n",
    "    return [x[0]-yy[0]- T1,\n",
    "            x[1]-yy[1]- T2]"
   ]
  },
  {
   "cell_type": "code",
   "execution_count": 14,
   "metadata": {},
   "outputs": [],
   "source": [
    "#arg 1-4 grid elements for evaluation; arg 5,8 mass positions; arg 6, 9 masses; arg 7, 10 lens plane redshifts;\n",
    "#arg 11 source position; arg 12 source plane redshift \n",
    "\n",
    "#may consider meshgrid in the future; for now? for loops!\n",
    "\n",
    "\n",
    "def PointLensPotential2(X1, Y1, X2, Y2, xx1, m1, z1, xx2, m2, z2, yy, z3):\n",
    "    #operational constants \n",
    "    i11=len(X1)\n",
    "    i12=len(Y1)\n",
    "    i21=len(X2)\n",
    "    i22=len(Y2)\n",
    "    g1=len(xx1)\n",
    "    g2=len(xx2)\n",
    "    #this where the data go\n",
    "    z=np.zeros((i11,i12,i21,i22),dtype=float)\n",
    "    \n",
    "    #Scaling Constants\n",
    "    theta1=Theta(z1,z2)\n",
    "    theta2=Theta(z2,z3)\n",
    "    Beta1=Beta(z1,z2,z3)\n",
    "    Beta2=Beta(z2,z3,z3)\n",
    "    \n",
    "    for j11 in range(i11):\n",
    "        for j12 in range(i12):\n",
    "            for j21 in range(i21):\n",
    "                for j22 in range(i22):\n",
    "                    Q1=.5*((X1[j11]-X2[j21])**2+(Y1[j12]-Y2[j22])**2)\n",
    "                    G1=0\n",
    "                    for i in range(g1):\n",
    "                        G1=G1+m1[i]*np.log(np.sqrt((X1[j11]-xx1[i,0])**2+(Y1[j12]-xx1[i,1])**2))\n",
    "                    Q2=.5*((X2[j21]-yy[0])**2+(Y2[j22]-yy[1])**2)\n",
    "                    G2=0\n",
    "                    for i in range(g2):\n",
    "                        G2=G2+m2[i]*np.log(np.sqrt((X2[j11]-xx2[i,0])**2+(Y2[j12]-xx2[i,1])**2))                    \n",
    "                    z[j11,j12,j21,j22]=theta1*(Q1 - Beta1*G1)+theta2*(Q2 - Beta2*G2) \n",
    "    return z\n"
   ]
  },
  {
   "cell_type": "code",
   "execution_count": 24,
   "metadata": {},
   "outputs": [
    {
     "name": "stdout",
     "output_type": "stream",
     "text": [
      "3777.9149784129113\n"
     ]
    },
    {
     "data": {
      "text/plain": [
       "array([[[[5.01357416e-20, 5.01673751e-20, 5.01994308e-20, ...,\n",
       "          5.51699153e-20, 5.52425015e-20, 5.53155098e-20],\n",
       "         [5.01673751e-20, 5.01990086e-20, 5.02310642e-20, ...,\n",
       "          5.52015488e-20, 5.52741349e-20, 5.53471433e-20],\n",
       "         [5.01994308e-20, 5.02310642e-20, 5.02631199e-20, ...,\n",
       "          5.52336045e-20, 5.53061906e-20, 5.53791989e-20],\n",
       "         ...,\n",
       "         [5.51699153e-20, 5.52015488e-20, 5.52336045e-20, ...,\n",
       "          6.02040890e-20, 6.02766752e-20, 6.03496835e-20],\n",
       "         [5.52425015e-20, 5.52741349e-20, 5.53061906e-20, ...,\n",
       "          6.02766752e-20, 6.03492613e-20, 6.04222696e-20],\n",
       "         [5.53155098e-20, 5.53471433e-20, 5.53791989e-20, ...,\n",
       "          6.03496835e-20, 6.04222696e-20, 6.04952779e-20]],\n",
       "\n",
       "        [[5.00656112e-20, 5.00961877e-20, 5.01271863e-20, ...,\n",
       "          5.49972571e-20, 5.50687862e-20, 5.51407376e-20],\n",
       "         [5.00972447e-20, 5.01278211e-20, 5.01588198e-20, ...,\n",
       "          5.50288906e-20, 5.51004197e-20, 5.51723710e-20],\n",
       "         [5.01293003e-20, 5.01598768e-20, 5.01908755e-20, ...,\n",
       "          5.50609462e-20, 5.51324754e-20, 5.52044267e-20],\n",
       "         ...,\n",
       "         [5.50997849e-20, 5.51303614e-20, 5.51613600e-20, ...,\n",
       "          6.00314308e-20, 6.01029599e-20, 6.01749113e-20],\n",
       "         [5.51723710e-20, 5.52029475e-20, 5.52339462e-20, ...,\n",
       "          6.01040169e-20, 6.01755461e-20, 6.02474974e-20],\n",
       "         [5.52453794e-20, 5.52759558e-20, 5.53069545e-20, ...,\n",
       "          6.01770252e-20, 6.02485544e-20, 6.03205057e-20]],\n",
       "\n",
       "        [[5.00084092e-20, 5.00379287e-20, 5.00678703e-20, ...,\n",
       "          5.48375273e-20, 5.49079994e-20, 5.49788938e-20],\n",
       "         [5.00400426e-20, 5.00695621e-20, 5.00995038e-20, ...,\n",
       "          5.48691607e-20, 5.49396329e-20, 5.50105272e-20],\n",
       "         [5.00720983e-20, 5.01016178e-20, 5.01315594e-20, ...,\n",
       "          5.49012164e-20, 5.49716885e-20, 5.50425829e-20],\n",
       "         ...,\n",
       "         [5.50425829e-20, 5.50721024e-20, 5.51020440e-20, ...,\n",
       "          5.98717010e-20, 5.99421731e-20, 6.00130675e-20],\n",
       "         [5.51151690e-20, 5.51446885e-20, 5.51746302e-20, ...,\n",
       "          5.99442871e-20, 6.00147592e-20, 6.00856536e-20],\n",
       "         [5.51881773e-20, 5.52176968e-20, 5.52476385e-20, ...,\n",
       "          6.00172954e-20, 6.00877676e-20, 6.01586619e-20]],\n",
       "\n",
       "        ...,\n",
       "\n",
       "        [[5.49788938e-20, 5.49079994e-20, 5.48375273e-20, ...,\n",
       "          5.00678703e-20, 5.00379287e-20, 5.00084092e-20],\n",
       "         [5.50105272e-20, 5.49396329e-20, 5.48691607e-20, ...,\n",
       "          5.00995038e-20, 5.00695621e-20, 5.00400426e-20],\n",
       "         [5.50425829e-20, 5.49716885e-20, 5.49012164e-20, ...,\n",
       "          5.01315594e-20, 5.01016178e-20, 5.00720983e-20],\n",
       "         ...,\n",
       "         [6.00130675e-20, 5.99421731e-20, 5.98717010e-20, ...,\n",
       "          5.51020440e-20, 5.50721024e-20, 5.50425829e-20],\n",
       "         [6.00856536e-20, 6.00147592e-20, 5.99442871e-20, ...,\n",
       "          5.51746302e-20, 5.51446885e-20, 5.51151690e-20],\n",
       "         [6.01586619e-20, 6.00877676e-20, 6.00172954e-20, ...,\n",
       "          5.52476385e-20, 5.52176968e-20, 5.51881773e-20]],\n",
       "\n",
       "        [[5.51407376e-20, 5.50687862e-20, 5.49972571e-20, ...,\n",
       "          5.01271863e-20, 5.00961877e-20, 5.00656112e-20],\n",
       "         [5.51723710e-20, 5.51004197e-20, 5.50288906e-20, ...,\n",
       "          5.01588198e-20, 5.01278211e-20, 5.00972447e-20],\n",
       "         [5.52044267e-20, 5.51324754e-20, 5.50609462e-20, ...,\n",
       "          5.01908755e-20, 5.01598768e-20, 5.01293003e-20],\n",
       "         ...,\n",
       "         [6.01749113e-20, 6.01029599e-20, 6.00314308e-20, ...,\n",
       "          5.51613600e-20, 5.51303614e-20, 5.50997849e-20],\n",
       "         [6.02474974e-20, 6.01755461e-20, 6.01040169e-20, ...,\n",
       "          5.52339462e-20, 5.52029475e-20, 5.51723710e-20],\n",
       "         [6.03205057e-20, 6.02485544e-20, 6.01770252e-20, ...,\n",
       "          5.53069545e-20, 5.52759558e-20, 5.52453794e-20]],\n",
       "\n",
       "        [[5.53155098e-20, 5.52425015e-20, 5.51699153e-20, ...,\n",
       "          5.01994308e-20, 5.01673751e-20, 5.01357416e-20],\n",
       "         [5.53471433e-20, 5.52741349e-20, 5.52015488e-20, ...,\n",
       "          5.02310642e-20, 5.01990086e-20, 5.01673751e-20],\n",
       "         [5.53791989e-20, 5.53061906e-20, 5.52336045e-20, ...,\n",
       "          5.02631199e-20, 5.02310642e-20, 5.01994308e-20],\n",
       "         ...,\n",
       "         [6.03496835e-20, 6.02766752e-20, 6.02040890e-20, ...,\n",
       "          5.52336045e-20, 5.52015488e-20, 5.51699153e-20],\n",
       "         [6.04222696e-20, 6.03492613e-20, 6.02766752e-20, ...,\n",
       "          5.53061906e-20, 5.52741349e-20, 5.52425015e-20],\n",
       "         [6.04952779e-20, 6.04222696e-20, 6.03496835e-20, ...,\n",
       "          5.53791989e-20, 5.53471433e-20, 5.53155098e-20]]],\n",
       "\n",
       "\n",
       "       [[[4.99828313e-20, 5.00144647e-20, 5.00465204e-20, ...,\n",
       "          5.50170050e-20, 5.50895911e-20, 5.51625994e-20],\n",
       "         [5.00134078e-20, 5.00450412e-20, 5.00770969e-20, ...,\n",
       "          5.50475815e-20, 5.51201676e-20, 5.51931759e-20],\n",
       "         [5.00444064e-20, 5.00760399e-20, 5.01080955e-20, ...,\n",
       "          5.50785801e-20, 5.51511662e-20, 5.52241746e-20],\n",
       "         ...,\n",
       "         [5.49144772e-20, 5.49461106e-20, 5.49781663e-20, ...,\n",
       "          5.99486509e-20, 6.00212370e-20, 6.00942453e-20],\n",
       "         [5.49860063e-20, 5.50176398e-20, 5.50496954e-20, ...,\n",
       "          6.00201800e-20, 6.00927661e-20, 6.01657745e-20],\n",
       "         [5.50579577e-20, 5.50895911e-20, 5.51216468e-20, ...,\n",
       "          6.00921314e-20, 6.01647175e-20, 6.02377258e-20]],\n",
       "\n",
       "        [[4.99195728e-20, 4.99501492e-20, 4.99811479e-20, ...,\n",
       "          5.48512186e-20, 5.49227478e-20, 5.49946991e-20],\n",
       "         [4.99501492e-20, 4.99807257e-20, 5.00117244e-20, ...,\n",
       "          5.48817951e-20, 5.49533243e-20, 5.50252756e-20],\n",
       "         [4.99811479e-20, 5.00117244e-20, 5.00427230e-20, ...,\n",
       "          5.49127938e-20, 5.49843229e-20, 5.50562743e-20],\n",
       "         ...,\n",
       "         [5.48512186e-20, 5.48817951e-20, 5.49127938e-20, ...,\n",
       "          5.97828645e-20, 5.98543937e-20, 5.99263450e-20],\n",
       "         [5.49227478e-20, 5.49533243e-20, 5.49843229e-20, ...,\n",
       "          5.98543937e-20, 5.99259228e-20, 5.99978742e-20],\n",
       "         [5.49946991e-20, 5.50252756e-20, 5.50562743e-20, ...,\n",
       "          5.99263450e-20, 5.99978742e-20, 6.00698255e-20]],\n",
       "\n",
       "        [[4.98694640e-20, 4.98989835e-20, 4.99289251e-20, ...,\n",
       "          5.46985821e-20, 5.47690542e-20, 5.48399486e-20],\n",
       "         [4.99000405e-20, 4.99295599e-20, 4.99595016e-20, ...,\n",
       "          5.47291585e-20, 5.47996307e-20, 5.48705250e-20],\n",
       "         [4.99310391e-20, 4.99605586e-20, 4.99905003e-20, ...,\n",
       "          5.47601572e-20, 5.48306294e-20, 5.49015237e-20],\n",
       "         ...,\n",
       "         [5.48011099e-20, 5.48306294e-20, 5.48605710e-20, ...,\n",
       "          5.96302280e-20, 5.97007001e-20, 5.97715945e-20],\n",
       "         [5.48726390e-20, 5.49021585e-20, 5.49321002e-20, ...,\n",
       "          5.97017571e-20, 5.97722293e-20, 5.98431236e-20],\n",
       "         [5.49445904e-20, 5.49741098e-20, 5.50040515e-20, ...,\n",
       "          5.97737084e-20, 5.98441806e-20, 5.99150749e-20]],\n",
       "\n",
       "        ...,\n",
       "\n",
       "        [[5.48399486e-20, 5.47690542e-20, 5.46985821e-20, ...,\n",
       "          4.99289251e-20, 4.98989835e-20, 4.98694640e-20],\n",
       "         [5.48705250e-20, 5.47996307e-20, 5.47291585e-20, ...,\n",
       "          4.99595016e-20, 4.99295599e-20, 4.99000405e-20],\n",
       "         [5.49015237e-20, 5.48306294e-20, 5.47601572e-20, ...,\n",
       "          4.99905003e-20, 4.99605586e-20, 4.99310391e-20],\n",
       "         ...,\n",
       "         [5.97715945e-20, 5.97007001e-20, 5.96302280e-20, ...,\n",
       "          5.48605710e-20, 5.48306294e-20, 5.48011099e-20],\n",
       "         [5.98431236e-20, 5.97722293e-20, 5.97017571e-20, ...,\n",
       "          5.49321002e-20, 5.49021585e-20, 5.48726390e-20],\n",
       "         [5.99150749e-20, 5.98441806e-20, 5.97737084e-20, ...,\n",
       "          5.50040515e-20, 5.49741098e-20, 5.49445904e-20]],\n",
       "\n",
       "        [[5.49946991e-20, 5.49227478e-20, 5.48512186e-20, ...,\n",
       "          4.99811479e-20, 4.99501492e-20, 4.99195728e-20],\n",
       "         [5.50252756e-20, 5.49533243e-20, 5.48817951e-20, ...,\n",
       "          5.00117244e-20, 4.99807257e-20, 4.99501492e-20],\n",
       "         [5.50562743e-20, 5.49843229e-20, 5.49127938e-20, ...,\n",
       "          5.00427230e-20, 5.00117244e-20, 4.99811479e-20],\n",
       "         ...,\n",
       "         [5.99263450e-20, 5.98543937e-20, 5.97828645e-20, ...,\n",
       "          5.49127938e-20, 5.48817951e-20, 5.48512186e-20],\n",
       "         [5.99978742e-20, 5.99259228e-20, 5.98543937e-20, ...,\n",
       "          5.49843229e-20, 5.49533243e-20, 5.49227478e-20],\n",
       "         [6.00698255e-20, 5.99978742e-20, 5.99263450e-20, ...,\n",
       "          5.50562743e-20, 5.50252756e-20, 5.49946991e-20]],\n",
       "\n",
       "        [[5.51625994e-20, 5.50895911e-20, 5.50170050e-20, ...,\n",
       "          5.00465204e-20, 5.00144647e-20, 4.99828313e-20],\n",
       "         [5.51931759e-20, 5.51201676e-20, 5.50475815e-20, ...,\n",
       "          5.00770969e-20, 5.00450412e-20, 5.00134078e-20],\n",
       "         [5.52241746e-20, 5.51511662e-20, 5.50785801e-20, ...,\n",
       "          5.01080955e-20, 5.00760399e-20, 5.00444064e-20],\n",
       "         ...,\n",
       "         [6.00942453e-20, 6.00212370e-20, 5.99486509e-20, ...,\n",
       "          5.49781663e-20, 5.49461106e-20, 5.49144772e-20],\n",
       "         [6.01657745e-20, 6.00927661e-20, 6.00201800e-20, ...,\n",
       "          5.50496954e-20, 5.50176398e-20, 5.49860063e-20],\n",
       "         [6.02377258e-20, 6.01647175e-20, 6.00921314e-20, ...,\n",
       "          5.51216468e-20, 5.50895911e-20, 5.50579577e-20]]],\n",
       "\n",
       "\n",
       "       [[[4.98378932e-20, 4.98695266e-20, 4.99015823e-20, ...,\n",
       "          5.48720669e-20, 5.49446530e-20, 5.50176613e-20],\n",
       "         [4.98674127e-20, 4.98990461e-20, 4.99311018e-20, ...,\n",
       "          5.49015863e-20, 5.49741725e-20, 5.50471808e-20],\n",
       "         [4.98973543e-20, 4.99289878e-20, 4.99610434e-20, ...,\n",
       "          5.49315280e-20, 5.50041142e-20, 5.50771225e-20],\n",
       "         ...,\n",
       "         [5.46670113e-20, 5.46986447e-20, 5.47307004e-20, ...,\n",
       "          5.97011849e-20, 5.97737711e-20, 5.98467794e-20],\n",
       "         [5.47374834e-20, 5.47691169e-20, 5.48011725e-20, ...,\n",
       "          5.97716571e-20, 5.98442432e-20, 5.99172516e-20],\n",
       "         [5.48083778e-20, 5.48400112e-20, 5.48720669e-20, ...,\n",
       "          5.98425515e-20, 5.99151376e-20, 5.99881459e-20]],\n",
       "\n",
       "        [[4.97815235e-20, 4.98121000e-20, 4.98430986e-20, ...,\n",
       "          5.47131694e-20, 5.47846985e-20, 5.48566499e-20],\n",
       "         [4.98110430e-20, 4.98416194e-20, 4.98726181e-20, ...,\n",
       "          5.47426889e-20, 5.48142180e-20, 5.48861693e-20],\n",
       "         [4.98409846e-20, 4.98715611e-20, 4.99025598e-20, ...,\n",
       "          5.47726305e-20, 5.48441597e-20, 5.49161110e-20],\n",
       "         ...,\n",
       "         [5.46106416e-20, 5.46412180e-20, 5.46722167e-20, ...,\n",
       "          5.95422875e-20, 5.96138166e-20, 5.96857679e-20],\n",
       "         [5.46811137e-20, 5.47116902e-20, 5.47426889e-20, ...,\n",
       "          5.96127596e-20, 5.96842888e-20, 5.97562401e-20],\n",
       "         [5.47520081e-20, 5.47825845e-20, 5.48135832e-20, ...,\n",
       "          5.96836540e-20, 5.97551831e-20, 5.98271344e-20]],\n",
       "\n",
       "        [[4.97385298e-20, 4.97680492e-20, 4.97979909e-20, ...,\n",
       "          5.45676478e-20, 5.46381200e-20, 5.47090143e-20],\n",
       "         [4.97680492e-20, 4.97975687e-20, 4.98275104e-20, ...,\n",
       "          5.45971673e-20, 5.46676395e-20, 5.47385338e-20],\n",
       "         [4.97979909e-20, 4.98275104e-20, 4.98574521e-20, ...,\n",
       "          5.46271090e-20, 5.46975812e-20, 5.47684755e-20],\n",
       "         ...,\n",
       "         [5.45676478e-20, 5.45971673e-20, 5.46271090e-20, ...,\n",
       "          5.93967659e-20, 5.94672381e-20, 5.95381324e-20],\n",
       "         [5.46381200e-20, 5.46676395e-20, 5.46975812e-20, ...,\n",
       "          5.94672381e-20, 5.95377102e-20, 5.96086046e-20],\n",
       "         [5.47090143e-20, 5.47385338e-20, 5.47684755e-20, ...,\n",
       "          5.95381324e-20, 5.96086046e-20, 5.96794989e-20]],\n",
       "\n",
       "        ...,\n",
       "\n",
       "        [[5.47090143e-20, 5.46381200e-20, 5.45676478e-20, ...,\n",
       "          4.97979909e-20, 4.97680492e-20, 4.97385298e-20],\n",
       "         [5.47385338e-20, 5.46676395e-20, 5.45971673e-20, ...,\n",
       "          4.98275104e-20, 4.97975687e-20, 4.97680492e-20],\n",
       "         [5.47684755e-20, 5.46975812e-20, 5.46271090e-20, ...,\n",
       "          4.98574521e-20, 4.98275104e-20, 4.97979909e-20],\n",
       "         ...,\n",
       "         [5.95381324e-20, 5.94672381e-20, 5.93967659e-20, ...,\n",
       "          5.46271090e-20, 5.45971673e-20, 5.45676478e-20],\n",
       "         [5.96086046e-20, 5.95377102e-20, 5.94672381e-20, ...,\n",
       "          5.46975812e-20, 5.46676395e-20, 5.46381200e-20],\n",
       "         [5.96794989e-20, 5.96086046e-20, 5.95381324e-20, ...,\n",
       "          5.47684755e-20, 5.47385338e-20, 5.47090143e-20]],\n",
       "\n",
       "        [[5.48566499e-20, 5.47846985e-20, 5.47131694e-20, ...,\n",
       "          4.98430986e-20, 4.98121000e-20, 4.97815235e-20],\n",
       "         [5.48861693e-20, 5.48142180e-20, 5.47426889e-20, ...,\n",
       "          4.98726181e-20, 4.98416194e-20, 4.98110430e-20],\n",
       "         [5.49161110e-20, 5.48441597e-20, 5.47726305e-20, ...,\n",
       "          4.99025598e-20, 4.98715611e-20, 4.98409846e-20],\n",
       "         ...,\n",
       "         [5.96857679e-20, 5.96138166e-20, 5.95422875e-20, ...,\n",
       "          5.46722167e-20, 5.46412180e-20, 5.46106416e-20],\n",
       "         [5.97562401e-20, 5.96842888e-20, 5.96127596e-20, ...,\n",
       "          5.47426889e-20, 5.47116902e-20, 5.46811137e-20],\n",
       "         [5.98271344e-20, 5.97551831e-20, 5.96836540e-20, ...,\n",
       "          5.48135832e-20, 5.47825845e-20, 5.47520081e-20]],\n",
       "\n",
       "        [[5.50176613e-20, 5.49446530e-20, 5.48720669e-20, ...,\n",
       "          4.99015823e-20, 4.98695266e-20, 4.98378932e-20],\n",
       "         [5.50471808e-20, 5.49741725e-20, 5.49015863e-20, ...,\n",
       "          4.99311018e-20, 4.98990461e-20, 4.98674127e-20],\n",
       "         [5.50771225e-20, 5.50041142e-20, 5.49315280e-20, ...,\n",
       "          4.99610434e-20, 4.99289878e-20, 4.98973543e-20],\n",
       "         ...,\n",
       "         [5.98467794e-20, 5.97737711e-20, 5.97011849e-20, ...,\n",
       "          5.47307004e-20, 5.46986447e-20, 5.46670113e-20],\n",
       "         [5.99172516e-20, 5.98442432e-20, 5.97716571e-20, ...,\n",
       "          5.48011725e-20, 5.47691169e-20, 5.47374834e-20],\n",
       "         [5.99881459e-20, 5.99151376e-20, 5.98425515e-20, ...,\n",
       "          5.48720669e-20, 5.48400112e-20, 5.48083778e-20]]],\n",
       "\n",
       "\n",
       "       ...,\n",
       "\n",
       "\n",
       "       [[[5.48083778e-20, 5.48400112e-20, 5.48720669e-20, ...,\n",
       "          5.98425515e-20, 5.99151376e-20, 5.99881459e-20],\n",
       "         [5.47374834e-20, 5.47691169e-20, 5.48011725e-20, ...,\n",
       "          5.97716571e-20, 5.98442432e-20, 5.99172516e-20],\n",
       "         [5.46670113e-20, 5.46986447e-20, 5.47307004e-20, ...,\n",
       "          5.97011849e-20, 5.97737711e-20, 5.98467794e-20],\n",
       "         ...,\n",
       "         [4.98973543e-20, 4.99289878e-20, 4.99610434e-20, ...,\n",
       "          5.49315280e-20, 5.50041142e-20, 5.50771225e-20],\n",
       "         [4.98674127e-20, 4.98990461e-20, 4.99311018e-20, ...,\n",
       "          5.49015863e-20, 5.49741725e-20, 5.50471808e-20],\n",
       "         [4.98378932e-20, 4.98695266e-20, 4.99015823e-20, ...,\n",
       "          5.48720669e-20, 5.49446530e-20, 5.50176613e-20]],\n",
       "\n",
       "        [[5.47520081e-20, 5.47825845e-20, 5.48135832e-20, ...,\n",
       "          5.96836540e-20, 5.97551831e-20, 5.98271344e-20],\n",
       "         [5.46811137e-20, 5.47116902e-20, 5.47426889e-20, ...,\n",
       "          5.96127596e-20, 5.96842888e-20, 5.97562401e-20],\n",
       "         [5.46106416e-20, 5.46412180e-20, 5.46722167e-20, ...,\n",
       "          5.95422875e-20, 5.96138166e-20, 5.96857679e-20],\n",
       "         ...,\n",
       "         [4.98409846e-20, 4.98715611e-20, 4.99025598e-20, ...,\n",
       "          5.47726305e-20, 5.48441597e-20, 5.49161110e-20],\n",
       "         [4.98110430e-20, 4.98416194e-20, 4.98726181e-20, ...,\n",
       "          5.47426889e-20, 5.48142180e-20, 5.48861693e-20],\n",
       "         [4.97815235e-20, 4.98121000e-20, 4.98430986e-20, ...,\n",
       "          5.47131694e-20, 5.47846985e-20, 5.48566499e-20]],\n",
       "\n",
       "        [[5.47090143e-20, 5.47385338e-20, 5.47684755e-20, ...,\n",
       "          5.95381324e-20, 5.96086046e-20, 5.96794989e-20],\n",
       "         [5.46381200e-20, 5.46676395e-20, 5.46975812e-20, ...,\n",
       "          5.94672381e-20, 5.95377102e-20, 5.96086046e-20],\n",
       "         [5.45676478e-20, 5.45971673e-20, 5.46271090e-20, ...,\n",
       "          5.93967659e-20, 5.94672381e-20, 5.95381324e-20],\n",
       "         ...,\n",
       "         [4.97979909e-20, 4.98275104e-20, 4.98574521e-20, ...,\n",
       "          5.46271090e-20, 5.46975812e-20, 5.47684755e-20],\n",
       "         [4.97680492e-20, 4.97975687e-20, 4.98275104e-20, ...,\n",
       "          5.45971673e-20, 5.46676395e-20, 5.47385338e-20],\n",
       "         [4.97385298e-20, 4.97680492e-20, 4.97979909e-20, ...,\n",
       "          5.45676478e-20, 5.46381200e-20, 5.47090143e-20]],\n",
       "\n",
       "        ...,\n",
       "\n",
       "        [[5.96794989e-20, 5.96086046e-20, 5.95381324e-20, ...,\n",
       "          5.47684755e-20, 5.47385338e-20, 5.47090143e-20],\n",
       "         [5.96086046e-20, 5.95377102e-20, 5.94672381e-20, ...,\n",
       "          5.46975812e-20, 5.46676395e-20, 5.46381200e-20],\n",
       "         [5.95381324e-20, 5.94672381e-20, 5.93967659e-20, ...,\n",
       "          5.46271090e-20, 5.45971673e-20, 5.45676478e-20],\n",
       "         ...,\n",
       "         [5.47684755e-20, 5.46975812e-20, 5.46271090e-20, ...,\n",
       "          4.98574521e-20, 4.98275104e-20, 4.97979909e-20],\n",
       "         [5.47385338e-20, 5.46676395e-20, 5.45971673e-20, ...,\n",
       "          4.98275104e-20, 4.97975687e-20, 4.97680492e-20],\n",
       "         [5.47090143e-20, 5.46381200e-20, 5.45676478e-20, ...,\n",
       "          4.97979909e-20, 4.97680492e-20, 4.97385298e-20]],\n",
       "\n",
       "        [[5.98271344e-20, 5.97551831e-20, 5.96836540e-20, ...,\n",
       "          5.48135832e-20, 5.47825845e-20, 5.47520081e-20],\n",
       "         [5.97562401e-20, 5.96842888e-20, 5.96127596e-20, ...,\n",
       "          5.47426889e-20, 5.47116902e-20, 5.46811137e-20],\n",
       "         [5.96857679e-20, 5.96138166e-20, 5.95422875e-20, ...,\n",
       "          5.46722167e-20, 5.46412180e-20, 5.46106416e-20],\n",
       "         ...,\n",
       "         [5.49161110e-20, 5.48441597e-20, 5.47726305e-20, ...,\n",
       "          4.99025598e-20, 4.98715611e-20, 4.98409846e-20],\n",
       "         [5.48861693e-20, 5.48142180e-20, 5.47426889e-20, ...,\n",
       "          4.98726181e-20, 4.98416194e-20, 4.98110430e-20],\n",
       "         [5.48566499e-20, 5.47846985e-20, 5.47131694e-20, ...,\n",
       "          4.98430986e-20, 4.98121000e-20, 4.97815235e-20]],\n",
       "\n",
       "        [[5.99881459e-20, 5.99151376e-20, 5.98425515e-20, ...,\n",
       "          5.48720669e-20, 5.48400112e-20, 5.48083778e-20],\n",
       "         [5.99172516e-20, 5.98442432e-20, 5.97716571e-20, ...,\n",
       "          5.48011725e-20, 5.47691169e-20, 5.47374834e-20],\n",
       "         [5.98467794e-20, 5.97737711e-20, 5.97011849e-20, ...,\n",
       "          5.47307004e-20, 5.46986447e-20, 5.46670113e-20],\n",
       "         ...,\n",
       "         [5.50771225e-20, 5.50041142e-20, 5.49315280e-20, ...,\n",
       "          4.99610434e-20, 4.99289878e-20, 4.98973543e-20],\n",
       "         [5.50471808e-20, 5.49741725e-20, 5.49015863e-20, ...,\n",
       "          4.99311018e-20, 4.98990461e-20, 4.98674127e-20],\n",
       "         [5.50176613e-20, 5.49446530e-20, 5.48720669e-20, ...,\n",
       "          4.99015823e-20, 4.98695266e-20, 4.98378932e-20]]],\n",
       "\n",
       "\n",
       "       [[[5.50579577e-20, 5.50895911e-20, 5.51216468e-20, ...,\n",
       "          6.00921314e-20, 6.01647175e-20, 6.02377258e-20],\n",
       "         [5.49860063e-20, 5.50176398e-20, 5.50496954e-20, ...,\n",
       "          6.00201800e-20, 6.00927661e-20, 6.01657745e-20],\n",
       "         [5.49144772e-20, 5.49461106e-20, 5.49781663e-20, ...,\n",
       "          5.99486509e-20, 6.00212370e-20, 6.00942453e-20],\n",
       "         ...,\n",
       "         [5.00444064e-20, 5.00760399e-20, 5.01080955e-20, ...,\n",
       "          5.50785801e-20, 5.51511662e-20, 5.52241746e-20],\n",
       "         [5.00134078e-20, 5.00450412e-20, 5.00770969e-20, ...,\n",
       "          5.50475815e-20, 5.51201676e-20, 5.51931759e-20],\n",
       "         [4.99828313e-20, 5.00144647e-20, 5.00465204e-20, ...,\n",
       "          5.50170050e-20, 5.50895911e-20, 5.51625994e-20]],\n",
       "\n",
       "        [[5.49946991e-20, 5.50252756e-20, 5.50562743e-20, ...,\n",
       "          5.99263450e-20, 5.99978742e-20, 6.00698255e-20],\n",
       "         [5.49227478e-20, 5.49533243e-20, 5.49843229e-20, ...,\n",
       "          5.98543937e-20, 5.99259228e-20, 5.99978742e-20],\n",
       "         [5.48512186e-20, 5.48817951e-20, 5.49127938e-20, ...,\n",
       "          5.97828645e-20, 5.98543937e-20, 5.99263450e-20],\n",
       "         ...,\n",
       "         [4.99811479e-20, 5.00117244e-20, 5.00427230e-20, ...,\n",
       "          5.49127938e-20, 5.49843229e-20, 5.50562743e-20],\n",
       "         [4.99501492e-20, 4.99807257e-20, 5.00117244e-20, ...,\n",
       "          5.48817951e-20, 5.49533243e-20, 5.50252756e-20],\n",
       "         [4.99195728e-20, 4.99501492e-20, 4.99811479e-20, ...,\n",
       "          5.48512186e-20, 5.49227478e-20, 5.49946991e-20]],\n",
       "\n",
       "        [[5.49445904e-20, 5.49741098e-20, 5.50040515e-20, ...,\n",
       "          5.97737084e-20, 5.98441806e-20, 5.99150749e-20],\n",
       "         [5.48726390e-20, 5.49021585e-20, 5.49321002e-20, ...,\n",
       "          5.97017571e-20, 5.97722293e-20, 5.98431236e-20],\n",
       "         [5.48011099e-20, 5.48306294e-20, 5.48605710e-20, ...,\n",
       "          5.96302280e-20, 5.97007001e-20, 5.97715945e-20],\n",
       "         ...,\n",
       "         [4.99310391e-20, 4.99605586e-20, 4.99905003e-20, ...,\n",
       "          5.47601572e-20, 5.48306294e-20, 5.49015237e-20],\n",
       "         [4.99000405e-20, 4.99295599e-20, 4.99595016e-20, ...,\n",
       "          5.47291585e-20, 5.47996307e-20, 5.48705250e-20],\n",
       "         [4.98694640e-20, 4.98989835e-20, 4.99289251e-20, ...,\n",
       "          5.46985821e-20, 5.47690542e-20, 5.48399486e-20]],\n",
       "\n",
       "        ...,\n",
       "\n",
       "        [[5.99150749e-20, 5.98441806e-20, 5.97737084e-20, ...,\n",
       "          5.50040515e-20, 5.49741098e-20, 5.49445904e-20],\n",
       "         [5.98431236e-20, 5.97722293e-20, 5.97017571e-20, ...,\n",
       "          5.49321002e-20, 5.49021585e-20, 5.48726390e-20],\n",
       "         [5.97715945e-20, 5.97007001e-20, 5.96302280e-20, ...,\n",
       "          5.48605710e-20, 5.48306294e-20, 5.48011099e-20],\n",
       "         ...,\n",
       "         [5.49015237e-20, 5.48306294e-20, 5.47601572e-20, ...,\n",
       "          4.99905003e-20, 4.99605586e-20, 4.99310391e-20],\n",
       "         [5.48705250e-20, 5.47996307e-20, 5.47291585e-20, ...,\n",
       "          4.99595016e-20, 4.99295599e-20, 4.99000405e-20],\n",
       "         [5.48399486e-20, 5.47690542e-20, 5.46985821e-20, ...,\n",
       "          4.99289251e-20, 4.98989835e-20, 4.98694640e-20]],\n",
       "\n",
       "        [[6.00698255e-20, 5.99978742e-20, 5.99263450e-20, ...,\n",
       "          5.50562743e-20, 5.50252756e-20, 5.49946991e-20],\n",
       "         [5.99978742e-20, 5.99259228e-20, 5.98543937e-20, ...,\n",
       "          5.49843229e-20, 5.49533243e-20, 5.49227478e-20],\n",
       "         [5.99263450e-20, 5.98543937e-20, 5.97828645e-20, ...,\n",
       "          5.49127938e-20, 5.48817951e-20, 5.48512186e-20],\n",
       "         ...,\n",
       "         [5.50562743e-20, 5.49843229e-20, 5.49127938e-20, ...,\n",
       "          5.00427230e-20, 5.00117244e-20, 4.99811479e-20],\n",
       "         [5.50252756e-20, 5.49533243e-20, 5.48817951e-20, ...,\n",
       "          5.00117244e-20, 4.99807257e-20, 4.99501492e-20],\n",
       "         [5.49946991e-20, 5.49227478e-20, 5.48512186e-20, ...,\n",
       "          4.99811479e-20, 4.99501492e-20, 4.99195728e-20]],\n",
       "\n",
       "        [[6.02377258e-20, 6.01647175e-20, 6.00921314e-20, ...,\n",
       "          5.51216468e-20, 5.50895911e-20, 5.50579577e-20],\n",
       "         [6.01657745e-20, 6.00927661e-20, 6.00201800e-20, ...,\n",
       "          5.50496954e-20, 5.50176398e-20, 5.49860063e-20],\n",
       "         [6.00942453e-20, 6.00212370e-20, 5.99486509e-20, ...,\n",
       "          5.49781663e-20, 5.49461106e-20, 5.49144772e-20],\n",
       "         ...,\n",
       "         [5.52241746e-20, 5.51511662e-20, 5.50785801e-20, ...,\n",
       "          5.01080955e-20, 5.00760399e-20, 5.00444064e-20],\n",
       "         [5.51931759e-20, 5.51201676e-20, 5.50475815e-20, ...,\n",
       "          5.00770969e-20, 5.00450412e-20, 5.00134078e-20],\n",
       "         [5.51625994e-20, 5.50895911e-20, 5.50170050e-20, ...,\n",
       "          5.00465204e-20, 5.00144647e-20, 4.99828313e-20]]],\n",
       "\n",
       "\n",
       "       [[[5.53155098e-20, 5.53471433e-20, 5.53791989e-20, ...,\n",
       "          6.03496835e-20, 6.04222696e-20, 6.04952779e-20],\n",
       "         [5.52425015e-20, 5.52741349e-20, 5.53061906e-20, ...,\n",
       "          6.02766752e-20, 6.03492613e-20, 6.04222696e-20],\n",
       "         [5.51699153e-20, 5.52015488e-20, 5.52336045e-20, ...,\n",
       "          6.02040890e-20, 6.02766752e-20, 6.03496835e-20],\n",
       "         ...,\n",
       "         [5.01994308e-20, 5.02310642e-20, 5.02631199e-20, ...,\n",
       "          5.52336045e-20, 5.53061906e-20, 5.53791989e-20],\n",
       "         [5.01673751e-20, 5.01990086e-20, 5.02310642e-20, ...,\n",
       "          5.52015488e-20, 5.52741349e-20, 5.53471433e-20],\n",
       "         [5.01357416e-20, 5.01673751e-20, 5.01994308e-20, ...,\n",
       "          5.51699153e-20, 5.52425015e-20, 5.53155098e-20]],\n",
       "\n",
       "        [[5.52453794e-20, 5.52759558e-20, 5.53069545e-20, ...,\n",
       "          6.01770252e-20, 6.02485544e-20, 6.03205057e-20],\n",
       "         [5.51723710e-20, 5.52029475e-20, 5.52339462e-20, ...,\n",
       "          6.01040169e-20, 6.01755461e-20, 6.02474974e-20],\n",
       "         [5.50997849e-20, 5.51303614e-20, 5.51613600e-20, ...,\n",
       "          6.00314308e-20, 6.01029599e-20, 6.01749113e-20],\n",
       "         ...,\n",
       "         [5.01293003e-20, 5.01598768e-20, 5.01908755e-20, ...,\n",
       "          5.50609462e-20, 5.51324754e-20, 5.52044267e-20],\n",
       "         [5.00972447e-20, 5.01278211e-20, 5.01588198e-20, ...,\n",
       "          5.50288906e-20, 5.51004197e-20, 5.51723710e-20],\n",
       "         [5.00656112e-20, 5.00961877e-20, 5.01271863e-20, ...,\n",
       "          5.49972571e-20, 5.50687862e-20, 5.51407376e-20]],\n",
       "\n",
       "        [[5.51881773e-20, 5.52176968e-20, 5.52476385e-20, ...,\n",
       "          6.00172954e-20, 6.00877676e-20, 6.01586619e-20],\n",
       "         [5.51151690e-20, 5.51446885e-20, 5.51746302e-20, ...,\n",
       "          5.99442871e-20, 6.00147592e-20, 6.00856536e-20],\n",
       "         [5.50425829e-20, 5.50721024e-20, 5.51020440e-20, ...,\n",
       "          5.98717010e-20, 5.99421731e-20, 6.00130675e-20],\n",
       "         ...,\n",
       "         [5.00720983e-20, 5.01016178e-20, 5.01315594e-20, ...,\n",
       "          5.49012164e-20, 5.49716885e-20, 5.50425829e-20],\n",
       "         [5.00400426e-20, 5.00695621e-20, 5.00995038e-20, ...,\n",
       "          5.48691607e-20, 5.49396329e-20, 5.50105272e-20],\n",
       "         [5.00084092e-20, 5.00379287e-20, 5.00678703e-20, ...,\n",
       "          5.48375273e-20, 5.49079994e-20, 5.49788938e-20]],\n",
       "\n",
       "        ...,\n",
       "\n",
       "        [[6.01586619e-20, 6.00877676e-20, 6.00172954e-20, ...,\n",
       "          5.52476385e-20, 5.52176968e-20, 5.51881773e-20],\n",
       "         [6.00856536e-20, 6.00147592e-20, 5.99442871e-20, ...,\n",
       "          5.51746302e-20, 5.51446885e-20, 5.51151690e-20],\n",
       "         [6.00130675e-20, 5.99421731e-20, 5.98717010e-20, ...,\n",
       "          5.51020440e-20, 5.50721024e-20, 5.50425829e-20],\n",
       "         ...,\n",
       "         [5.50425829e-20, 5.49716885e-20, 5.49012164e-20, ...,\n",
       "          5.01315594e-20, 5.01016178e-20, 5.00720983e-20],\n",
       "         [5.50105272e-20, 5.49396329e-20, 5.48691607e-20, ...,\n",
       "          5.00995038e-20, 5.00695621e-20, 5.00400426e-20],\n",
       "         [5.49788938e-20, 5.49079994e-20, 5.48375273e-20, ...,\n",
       "          5.00678703e-20, 5.00379287e-20, 5.00084092e-20]],\n",
       "\n",
       "        [[6.03205057e-20, 6.02485544e-20, 6.01770252e-20, ...,\n",
       "          5.53069545e-20, 5.52759558e-20, 5.52453794e-20],\n",
       "         [6.02474974e-20, 6.01755461e-20, 6.01040169e-20, ...,\n",
       "          5.52339462e-20, 5.52029475e-20, 5.51723710e-20],\n",
       "         [6.01749113e-20, 6.01029599e-20, 6.00314308e-20, ...,\n",
       "          5.51613600e-20, 5.51303614e-20, 5.50997849e-20],\n",
       "         ...,\n",
       "         [5.52044267e-20, 5.51324754e-20, 5.50609462e-20, ...,\n",
       "          5.01908755e-20, 5.01598768e-20, 5.01293003e-20],\n",
       "         [5.51723710e-20, 5.51004197e-20, 5.50288906e-20, ...,\n",
       "          5.01588198e-20, 5.01278211e-20, 5.00972447e-20],\n",
       "         [5.51407376e-20, 5.50687862e-20, 5.49972571e-20, ...,\n",
       "          5.01271863e-20, 5.00961877e-20, 5.00656112e-20]],\n",
       "\n",
       "        [[6.04952779e-20, 6.04222696e-20, 6.03496835e-20, ...,\n",
       "          5.53791989e-20, 5.53471433e-20, 5.53155098e-20],\n",
       "         [6.04222696e-20, 6.03492613e-20, 6.02766752e-20, ...,\n",
       "          5.53061906e-20, 5.52741349e-20, 5.52425015e-20],\n",
       "         [6.03496835e-20, 6.02766752e-20, 6.02040890e-20, ...,\n",
       "          5.52336045e-20, 5.52015488e-20, 5.51699153e-20],\n",
       "         ...,\n",
       "         [5.53791989e-20, 5.53061906e-20, 5.52336045e-20, ...,\n",
       "          5.02631199e-20, 5.02310642e-20, 5.01994308e-20],\n",
       "         [5.53471433e-20, 5.52741349e-20, 5.52015488e-20, ...,\n",
       "          5.02310642e-20, 5.01990086e-20, 5.01673751e-20],\n",
       "         [5.53155098e-20, 5.52425015e-20, 5.51699153e-20, ...,\n",
       "          5.01994308e-20, 5.01673751e-20, 5.01357416e-20]]]])"
      ]
     },
     "execution_count": 24,
     "metadata": {},
     "output_type": "execute_result"
    }
   ],
   "source": [
    "#2 plane Rhie type example\n",
    "start_time = timeit.default_timer()\n",
    "#plane1\n",
    "#redshift\n",
    "z1=.1;\n",
    "#number of mass points total\n",
    "g1=3\n",
    "#mass of mass points (on circle)\n",
    "m1=(2/g1)*np.ones(g1)\n",
    "#radius of the circle\n",
    "r1=1.0\n",
    "#the tiny center mass\n",
    "m1[g1-1]=.2*m1[g1-1]\n",
    "#location of mass points\n",
    "xx1=np.zeros((g1,2),float)\n",
    "theta = math.pi * 2 / (g1-1) \n",
